00000000000100000000110000000000000000111000000000000000000000000000000001100000
00000001100010000000110000000000000001000100000000000000010100000000000001101100
00000110000001000000000000000001000000111000000000000000010010000000000100000100
00000111010010000000000000000001000000000000000000000000010100000000000101100000
00000110001100000000000000000010100000110000000000000000000000000000000000010110
00000000001000000000000000000001000000100000000000000000000000000000000000000100
00000000000001000000000000000001110001110000111000100000111000000000000001001101
00000000001001000000000000000000110001011000000000001000000000000000000001001101
00000000011001000000000000000000010001110000000000000010000100000000000111000110
00000000011101100000000000000000010001100000000000110001000100000000000001010010
00000000000000000000000000000000000000000000000000000000000100000000000001000110
00000000011000000011000000000000000000001100000000001000100100000000000001000000
00000000011000000011100000000100000000010000000000000000000100000000000000100000
00000000001000000011100000001101000000001001000111110111101000000000000000110110
00000000000000000001110000001001100000000111000001101100010000000000000000001000
00000000000000000001100000000001110000000000000001001100000000000000000000010000
00000000000000000110001000001110110011000010110000000000000000000000000000100100
00000000001000000110010000010001000011001100101011000000011100000000000100000100
00000000011100000011100000000001000000001100101001100000100100000000001000010010
00000000010010000000000000000000000000000011001101100000100110000000100000100000
00000000011111000000000000000200000000000000000010000000110010000000111100000000
00000000000001000000000011001100000000000000000000000000001110000000010000000000
00111000100011000000000110001100000000000011000000000100001100000000000000000000
00000000010100000000000011001100000000000101000000000100000000000000000000011000
00000000001000000000000000000000000000000101000000000100001110000000000000000100
00000000000000000000000000000000000110001110000000000000010001000000000000011000
00000000000000000000000000000000000011001100000000000000001010001111000000000000
00000000000000000000000000000000000010000000000000000000000100001111000000000000
11000000000000000000000000000000111100000000000000000000000000000000000000000000
11000000000000001100000000000010001000000000000000000000000001011101011000000000
00000000000000001100000000000010100000000000000000101001100010001000011010000000
00000000000000000000000000000010001000000000000000100111101010000000000010000100
00000000000000000000000000000000100100000000001000100001101010100000001001001100
00000000000000000000010001110000101000000000010010000100010011000000001111101010
00000110000000000010000110010000000000000000010010000000001110000000011001000000
00000101000000000011101110000000000000000000001111000000000000000100010111000100
00000001000110000101100010110000000000000000000000100000000000000100001111000100
00000101010001000000001100000000011001110000000110000000000001100100000100010000
00011011010110000000001110000000010010000000000111000000000001100000000000000000
00000000001110000000001100000000000000110000000101000000000000010000000000000000
00100100000000000000001000000000001100000000000010000000000001110000000000000000
00100110000000011011000111000000001000000000000000000000000011010000000000001000
01100100000000001010000000011000001000000000000000000000000110011100000000000100
00111000000000000000000000000110000111100000000000000000000110000000000011010000
00010000000000000010000000110110000010000000000011000000001110000000001000010000
00000000000110001010000000000100000000000000000100100011100110000000000100010000
00000000001011000000000000000000000000000110000011000000000011000000000011000000
00000000001000100000000000000101000111000111000000000000000011000000000000000000
00000000000110100011100000000010001011000001100000000000110110000000000000000000
11000000000011000011100000000010001000100001110000000000110100011000000000001000
11000000000000000000000000000000000111000100100000000000000011011000000000001101
00000000000000000000000000000000000111000111000000000000000000000000000000000011
00000011000000000001000000000000000000000010000000000000000000000000000000100111
00000011000000000001101000000000000000000000000000001111110000000000000000110000
00000000000000000000000100000000000000000000000000001111001000000000000000010000
00000000000000000000010110000000000100000000000000000000011000000000000000000000
00000000000011010101100000000000001001000000000000000000010000000000000000000000
00110000000000011101000000000000001110000000000000000001100000000000000000000100
00110000000000101011000000011010111000000000000000011111100000000000000000000100
00010011000110100100000010001000001000000000000001000100000000011100000000000000
00000111000001101000001001000010010000000000000001000000000001100010000000000000
00011100000000111000001110000001010000111000000011000100000001100010000000000000
00000000000000000000001110000000000000111010000000010000001101111110000000000000
00000000000000000000000000000000000000011000100000010000110011100000000000000000
00000000000000000000000000000000000000001101100000000110001011100000000000000000
00000000000000000000000000000000000000001100000001000010001110100000000000000000
00000000000000000000000000010000000110000011110010000000000101000001101111000000
00000000000000000000000000011100000000000000010001100000001011000110000001100000
00000000000000000000000000010100000000010001110010000000000000000110000000100000
00000000000000000000000000111111000000010001000000000000000000000110100111000000
00000000000000000000000000110010100000010000000101100000000000000011010000000000
00000000100000000000000000000001110000010000001000000000000011000001010000000000
00000000101101000000000000000001100000001100001011110000000010100010001100000000
00000000000101000000000000110001000000000000000101000100000101000000001100000000
00000000000000100000110000000000000010000000000000100100011011000001101000000000
00000000000100100000111000000001000111001000000000011100011110000001100000000000
00101000001000000000110000000001100010111100000000011000010110000001000000000000
00110000011000101111000000000010000010011110000000111011000000000010100000000011
00010000001111110011000000000001111111110110000000101111001100000011000000001001
00000000000010110110000000000000111000111000000000000010000110000001000000001110
